AD Hair_Light_Brown 0.001 656 0.0169999383445774 -0.00888658267741987 0.0435748806706552 -0.0336011706691386 -0.304354494639558 0.272743144286041 0.0523974473419953 0.0019482731828146 0.265360920047133
AD Hair_Dark_Brown 0.001 656 -0.0127082485096852 -0.0435226967926624 0.0153104101080774 0.0316414136552212 -0.342441482688766 0.363251911565935 0.0554407693068214 0.00176083763443922 0.302838135686542
AD Hair_Black 0.001 656 -0.00656800392155868 -0.0342157221408257 0.0219006946554831 -0.00330782118295225 -0.361527069858536 0.412901140478201 0.036726782119788 0.00125110811601014 0.251883335253075
AD Hair_Blonde 0.001 656 0.00944236810359103 -0.0153550671966617 0.0336543137210551 0.00684457221354172 -0.472476164025698 0.37782138353337 0.0398212435643596 0.00129969750957255 0.261091514574631
AD Tanning 0.001 656 0.00640410846048117 -0.0311650415915997 0.0436610115903774 0.00995307966951817 -0.304764432595182 0.339734703488149 0.0402030557543261 0.00142123873138548 0.257137876756805
ASD Hair_Light_Brown 0.001 478 -0.000194688230053478 -0.0594895246910153 0.0589467694954828 7.53856569210669e-05 -0.275720682859021 0.276746261190259 0.0579506685069626 0.00224219672649913 0.288598362262074
ASD Hair_Dark_Brown 0.001 478 -0.0604849351350196 -0.130277560706385 0.00918170006046499 -0.00839916219869204 -0.568571635149068 0.562217185069245 0.0465308046047428 0.00174311802132072 0.268359494974634
ASD Hair_Black 0.001 478 0.0187774696682631 -0.0491406301727259 0.0874039142483819 0.00938802396809585 -0.329217618122932 0.352768092645322 0.0615201299900124 0.00240912778729466 0.295645500695408
ASD Hair_Blonde 0.001 478 0.0283456000391778 -0.0412589629490002 0.0984927650094486 0.00431739149594156 -0.608655247075671 0.753250569321221 0.0457448397249793 0.00173957280530099 0.267141167392914
ASD Tanning 0.001 478 -0.0222540427686383 -0.103912424960655 0.0616363389371772 0.00500764040996617 -0.572474438310664 0.633504445220583 0.0526236972237506 0.00205610010320553 0.278184466949666
Daytime_Sleepiness Hair_Light_Brown 0.001 1433 0.0177820459985787 -0.0250592861847066 0.0603327016674964 0.00202509102529922 -0.624267425826772 0.608627519097079 0.0347705944015161 0.00117938043167299 0.24979782051827
Daytime_Sleepiness Hair_Dark_Brown 0.001 1433 -0.0221080896623383 -0.0707586012435052 0.02636982034496 -0.00865495033589289 -0.69256714143594 0.646508463159254 0.0346054152499013 0.00117848523454267 0.250558188009849
Daytime_Sleepiness Hair_Black 0.001 1433 0.00242573818028746 -0.0525824971362592 0.0600108846167286 -0.0271684377596053 -0.761432250416453 0.789936628153927 0.0424562831034635 0.00155617441167839 0.261263479238593
Daytime_Sleepiness Hair_Blonde 0.001 1433 0.00832701224365779 -0.0411844665770243 0.0568520004838429 0.0385631848683263 -0.605722393529238 0.777854625766075 0.0401360344716959 0.00141748836817457 0.260137547973659
Daytime_Sleepiness Tanning 0.001 1433 -0.00900284956013091 -0.065246090952848 0.0462762001139641 0.0101915303765041 -0.691438735094043 0.753611086736027 0.0345999392929696 0.00118308157470502 0.250590233382629
Height_UKB Hair_Light_Brown 0.001 11772 0.0270648308204171 0.0197197511567984 0.034154735694151 0.00168045483006103 -0.178997543560208 0.185557214337271 0.0295710393623245 0.000764469348406507 0.241516258891818
Height_UKB Hair_Dark_Brown 0.001 11768 -0.030069914349816 -0.0371995389877083 -0.0214928878855148 -0.00103259504851675 -0.229646101241964 0.20441737381049 0.0270376294702779 0.000625124544573926 0.243664139284406
Height_UKB Hair_Black 0.001 11773 -0.0429506104853593 -0.0538000732743179 -0.0303462659367266 -0.0401881715551678 -0.258699192238473 0.100526243140988 0.0427371834450591 0.00129141756500236 0.261708535881815
Height_UKB Hair_Blonde 0.001 11774 0.0195555112722855 0.011195682716195 0.0276147001185217 0.00105325321978519 -0.116335695287882 0.169640471978833 0.0343969695642635 0.000949451376757849 0.247579950699729
Height_UKB Tanning 0.001 11759 -0.0336946127512995 -0.0435866110064182 -0.0242865800028087 -0.00207351802394206 -0.229252385693057 0.190034946309488 0.030178628196085 0.000746922356773789 0.245781598552907
Intelligence Hair_Light_Brown 0.001 2091 -0.00260262214763837 -0.0195175508964935 0.0137885052378249 0.00400428329199783 -0.25925416786141 0.290579061198303 0.0326305183621838 0.000920867661615513 0.247570719490003
Intelligence Hair_Dark_Brown 0.001 2089 0.0282842253567607 0.00777449825615663 0.0471565887522572 -0.00313961867379699 -0.366639715034572 0.315958134578792 0.0321345858819211 0.000944286574978023 0.246975501688674
Intelligence Hair_Black 0.001 2091 -0.0399898286671925 -0.058360554422762 -0.0194064490899852 -0.0131176475345661 -0.500887509443058 0.306086920834384 0.0323536003667221 0.000950726940972051 0.246802081009177
Intelligence Hair_Blonde 0.001 2091 -0.0115859128136028 -0.0300402832824857 0.00528570098276404 -0.00524062010841335 -0.320251999482466 0.300112577613258 0.0323903440100618 0.000934920015224063 0.246720759051151
Intelligence Tanning 0.001 2089 -0.046887443567419 -0.0683200474175639 -0.0252533075257347 -0.00132900151189461 -0.35288148499655 0.345297733877679 0.0326836617361846 0.000982256485489161 0.247732790790223
RA Hair_Light_Brown 0.001 655 0.0080088139717973 -0.00707100510110713 0.0234301218522253 0.0237326223178036 -0.296471799244141 0.559107152829387 0.0213745585014625 0.000746447984379452 0.219205462793606
RA Hair_Dark_Brown 0.001 656 9.04631742406803e-05 -0.0158915973829191 0.0160884684539525 0.0304092338541779 -0.551285659325344 0.510865485694972 0.0225440912095893 0.000782303084434225 0.213375173766202
RA Hair_Black 0.001 656 -0.0129716999105825 -0.0341796291142851 0.00714805186250379 -0.00466590707013595 -0.40042260153105 0.340626351684435 0.0301192096041965 0.000937203554138838 0.24221176167991
RA Hair_Blonde 0.001 656 -0.00121582182683383 -0.0206086848607036 0.0154010582508115 -0.0497547295848654 -0.845914516847209 0.386553251432867 0.0210264840954843 0.00078814691333525 0.219355861558039
RA Tanning 0.001 655 -0.0103389547940789 -0.0352609029037885 0.0136397778611661 0.0605205400551728 -0.514264523025304 0.422382369968228 0.0382256702834106 0.00121626834410686 0.243510559405406
T2D Hair_Light_Brown 0.001 2839 -0.00955712196847572 -0.0250856026053215 0.00511139217413162 0.00154748726468607 -0.308472842353061 0.290835210459572 0.0316545346652778 0.000844345317349484 0.247454244361695
T2D Hair_Dark_Brown 0.001 2836 0.00570733655545364 -0.012552518443102 0.0241524482630136 -0.0058363046984282 -0.376846818361322 0.348225870355286 0.0291848753040549 0.000822462914106267 0.243222961912919
T2D Hair_Black 0.001 2837 0.0227080944779166 0.00550364285239201 0.041896073745001 0.0136269471423877 -0.291645845284502 0.417345100368452 0.0320991575630011 0.000926149175144882 0.244959323436101
T2D Hair_Blonde 0.001 2837 -0.00799048782545791 -0.024716006716434 0.00957448166132873 0.000749333507653065 -0.288953692037911 0.313474545745549 0.0339981790817172 0.000919458016669761 0.254763892738804
T2D Tanning 0.001 2834 -0.00447453097692564 -0.0237742839867279 0.0140414021429938 0.00325868541527989 -0.410861953254868 0.425795092666939 0.0291671536640877 0.000818428121862316 0.244611736987709
Alcohol Hair_Light_Brown 0.001 1847 0.0182181921372558 -0.0158317770206705 0.0537886039975325 -0.00294110177935232 -0.542354735244039 0.514608927546258 0.0352730160014173 0.00115747134767777 0.252969533121343
Alcohol Hair_Dark_Brown 0.001 1847 -0.0273641115588303 -0.0659536034391746 0.0113190798385497 0.0074006594214174 -0.528048220839963 0.606905575723479 0.0338795268168962 0.00110869026220833 0.24949416859485
Alcohol Hair_Black 0.001 1847 -0.0191900085033652 -0.0580097511082757 0.0217762807019482 -0.0326566360679469 -0.743001673137599 0.55555435181434 0.037763327009056 0.00127670164303539 0.257879759953288
Alcohol Hair_Blonde 0.001 1847 0.0191958563704449 -0.0164319363905764 0.0560819082162142 0.00282704423229167 -0.513586539058929 0.583647027635604 0.0369103985226887 0.00120869836606956 0.255406815458095
Alcohol Tanning 0.001 1845 0.0648385726562379 0.0185498120709147 0.110516742461586 -0.00219270469437264 -0.66232169399751 0.649943447826698 0.0359189427948083 0.00121595289312889 0.253414162217884
BMI Hair_Light_Brown 0.001 5507 -0.00160578864976603 -0.017847887686019 0.0145452457058051 0.000385847735430108 -0.332081435490785 0.305993411903165 0.0363538788244291 0.00100802336433881 0.255435668707614
BMI Hair_Dark_Brown 0.001 5507 -0.0249440534854194 -0.0418792363544628 -0.00763317088771425 -0.000249302037709447 -0.312440824731502 0.365455844232334 0.0336851694433941 0.000953518984714419 0.245636563469618
BMI Hair_Black 0.001 5507 0.0112606447140434 -0.0221590646770568 0.0427458415122476 0.0320610093753307 -0.250039666560261 0.342259769887105 0.0689505296319335 0.00255242617862002 0.300805527992984
BMI Hair_Blonde 0.001 5508 0.0101642122018006 -0.0114393889799171 0.0291462250165743 0.0283346044408723 -0.258409623730297 0.298384036109491 0.0447216703306964 0.00137760837523924 0.264552573490308
BMI Tanning 0.001 5505 -0.0304010990474694 -0.0466115910700195 -0.0132925562034118 0.000150210857689518 -0.332145662469241 0.339654016523293 0.0301921839362865 0.000819083190388667 0.24175189840763
Depression Hair_Light_Brown 0.001 1237 -0.022245803016992 -0.0742470930270867 0.0296892155135444 0.00462471101693136 -0.63900598975812 0.704148794050063 0.0377963273351154 0.00132249385764436 0.256005427381515
Depression Hair_Dark_Brown 0.001 1237 0.00837382360897385 -0.0466307378661709 0.0643324313509794 -0.0023629539836263 -0.689375385489858 0.671228472224476 0.0363417639763373 0.00125732161966178 0.253410221694481
Depression Hair_Black 0.001 1237 -0.0196204302890322 -0.0880803469700413 0.0446400162976191 0.0599715322159945 -0.689115488350496 0.931871191248737 0.0442795926962355 0.00166556179959541 0.264759110466055
Depression Hair_Blonde 0.001 1237 0.0440246373231929 -0.0114345307194287 0.0993183322647163 -0.0190866487711072 -1.07021061330674 0.89696970473851 0.0337296733542938 0.00118779003866611 0.249572095066765
Depression Tanning 0.001 1236 0.0324205398575872 -0.0383522331127725 0.103467075402085 -0.0108743102700923 -0.774995026981434 0.827820178106093 0.0391989965942023 0.00138388127866389 0.260156823984835
IBD Hair_Light_Brown 0.001 1713 -0.00121899956180104 -0.0117843089822083 0.00880418842207392 -0.00347678438534739 -0.268296170482833 0.206848044944694 0.0270544565549449 0.000639715967209171 0.241122265243603
IBD Hair_Dark_Brown 0.001 1713 0.0021330290472182 -0.0103860749858237 0.0144043924502812 0.00205232222033379 -0.216500569123997 0.384344328467539 0.0296233412952565 0.000679856526972687 0.245833362298484
IBD Hair_Black 0.001 1713 0.00568915116220275 -0.00606919631766994 0.0175545806648864 0.00598155448834328 -0.221550728837666 0.309419429401585 0.0292126850669804 0.000784508776357731 0.24111345338591
IBD Hair_Blonde 0.001 1713 -0.00479731839418948 -0.015259384686169 0.00527127255971513 -0.0078699602101071 -0.441622260123307 0.226187732156391 0.0243982402726113 0.000579391924964862 0.236157633999246
IBD Tanning 0.001 1713 0.00984644626019174 -0.00362893816982637 0.0232814991377635 0.000443997653537664 -0.232732041647007 0.269727352106852 0.030829862992489 0.000755911910880059 0.247193787220592
MDD Hair_Light_Brown 0.001 481 0.00502373426967184 -0.199749805230526 0.20971446866894 -0.0011821078123417 -0.72184248517922 0.717279473917751 0.0595966508079989 0.00249299591536513 0.291858096304414
MDD Hair_Dark_Brown 0.001 481 0.115553692217814 -0.139153414765577 0.370358817646472 0.00234309512934172 -1.02020598380466 1.01209913882326 0.0592476139918166 0.00254838800443641 0.291308562920729
MDD Hair_Black 0.001 481 -0.0686411563312855 -0.370851031777613 0.234556815511061 0.0029747230182733 -1.06893118876747 1.09850839187687 0.0617418915938572 0.00265762355560324 0.296836844031557
MDD Hair_Blonde 0.001 481 -0.00217951229871199 -0.258394502469991 0.250633317623336 -0.0357332748032396 -1.22265713624054 1.07598842059449 0.0582817680882819 0.00250520943715366 0.288505229687873
MDD Tanning 0.001 481 0.164565106402224 -0.11575225406514 0.446683245468061 -0.0258826518124519 -1.93984639730709 1.89576776970977 0.0501916271559411 0.00215123048479826 0.267562460450171
SCZ Hair_Light_Brown 0.001 3049 -0.00777625896867151 -0.0196849906338849 0.00435857308295598 -0.00309582936509086 -0.22722696466811 0.224821665365144 0.033875339705422 0.000902903032204788 0.252384856179122
SCZ Hair_Dark_Brown 0.001 3049 0.00625429382218862 -0.00675457482705567 0.0192104059943242 0.00242914041987976 -0.232922635338308 0.266247799145638 0.0309734397604761 0.000802994264844312 0.245264360686518
SCZ Hair_Black 0.001 3049 0.00732196684860783 -0.0116812180915176 0.0254831553929139 0.00704377797905993 -0.252367884161402 0.28126157993488 0.043645770462939 0.00143649810374325 0.260457794089632
SCZ Hair_Blonde 0.001 3049 -0.00207194164434088 -0.0141283082290158 0.0105109473922716 -0.00109811456106324 -0.266098664291248 0.231263396005514 0.0320571779494131 0.000827395824924689 0.245041366115611
SCZ Tanning 0.001 3049 0.00553787839865023 -0.00950333015859909 0.0206254311981424 0.00475039974182572 -0.240240572179325 0.307224833621426 0.0311031879515614 0.000832736760982873 0.245296880886746
Angina Hair_Light_Brown 0.001 758 -0.00193443365460916 -0.068467693478721 0.065955410227984 -0.0679587015540906 -0.918673513515321 0.632353033480508 0.0429028412520986 0.0015543386962155 0.265266934428822
Angina Hair_Dark_Brown 0.001 758 0.0023640689748883 -0.0814698219631822 0.0910131672436736 0.0663428902468986 -0.742526566757149 1.27329381649391 0.0455802643049517 0.00167005818945229 0.272645998810492
Angina Hair_Black 0.001 758 -0.0178364234450512 -0.10848217873488 0.0751080573943356 0.0335604292867171 -0.935734303885147 0.921952768007428 0.0501867586423726 0.00183880111417868 0.289557939462185
Angina Hair_Blonde 0.001 758 -0.00103750136006836 -0.0690333089533205 0.0677668096010099 -0.122320912680777 -1.49412398721805 0.676436082697699 0.0329863571410194 0.00120853322654094 0.244483994456129
Angina Tanning 0.001 758 -0.0129524179136845 -0.118177741020578 0.0911279502128146 0.28516612017003 -0.861760946972581 1.0510335484677 0.0860447838795903 0.00328235239238272 0.350116447321535
CAD Hair_Light_Brown 0.001 758 -0.00349694819781912 -0.0390555394940013 0.0328140079539799 0.018223574890785 -0.468150578910013 0.639878739132947 0.0382500698245094 0.00127696377158837 0.258980523161598
CAD Hair_Dark_Brown 0.001 757 -0.00290039148969456 -0.0432098966223647 0.0364919404207803 0.00778882749768131 -0.481940323655063 0.564030047314608 0.0355548683145077 0.00120148540863073 0.251226928149556
CAD Hair_Black 0.001 758 0.0231729391198196 -0.016660859609686 0.0642819498641931 -0.00614463763755546 -0.549188877287196 0.505540339183602 0.0369496058958877 0.00121451957450633 0.257748808676971
CAD Hair_Blonde 0.001 758 -0.00491371989005043 -0.0449933810414641 0.0351097938351878 -0.0121087762934554 -0.633047435365603 0.47379376648646 0.0342215572670918 0.00113741809380543 0.251881528318869
CAD Tanning 0.001 757 0.0086883781483048 -0.0301335709112248 0.046210330166645 0.0633710378184126 -0.481473074110237 0.657649574466758 0.0369917093548813 0.00129156597707209 0.238436035014511
HBP Hair_Light_Brown 0.001 3100 0.0129057278625774 -0.00574303953744241 0.0329321314157254 0.0196202608670653 -0.284426560991733 0.466055122239198 0.0335839202940348 0.00097297948720994 0.247200937628298
HBP Hair_Dark_Brown 0.001 3098 -0.0114631813548555 -0.0351516478165363 0.0129821644232727 -0.0124417737091579 -0.414705830164273 0.309297918140569 0.0359179731007233 0.00108254314985002 0.252744213970977
HBP Hair_Black 0.001 3098 0.000823712835236522 -0.0219961630173321 0.0238153778003703 -0.000173663315875587 -0.362686645017613 0.382905532189027 0.0338424624771712 0.000996582724020847 0.251304419587099
HBP Hair_Blonde 0.001 3098 -0.0182304468286736 -0.0382728626351119 0.00326061432366574 0.00528006060854224 -0.375627755512065 0.449038508975295 0.0319910076041927 0.000958879803620011 0.246479423028208
HBP Tanning 0.001 3098 -0.0460647088267015 -0.0684729353776108 -0.02234919493696 0.000711914592821342 -0.429909140944871 0.405756846072326 0.0304863539406415 0.000978402825774992 0.242324246398568
Income Hair_Light_Brown 0.001 1450 -0.00627430465846369 -0.042875727618115 0.0301657600207704 -0.0317341281201794 -0.814655753546542 0.470609956841356 0.0315738970110374 0.0010726841350639 0.246109375023885
Income Hair_Dark_Brown 0.001 1447 0.0308713046899269 -0.00953847036666771 0.0706025093898596 0.0117837941537874 -0.546680369645931 0.678284649712446 0.0321679082819441 0.00107210550115065 0.246336780498877
Income Hair_Black 0.001 1450 -0.00541196928064956 -0.0484489351206294 0.0375773688048829 0.0579507039422017 -0.483711679903605 0.789290702848797 0.0391302531506369 0.00134343745403019 0.260333923374138
Income Hair_Blonde 0.001 1450 -0.0084933122302608 -0.0441382582797702 0.0262424007365412 -0.0209641296709821 -0.719463391733378 0.460438824005343 0.0312807340212932 0.0010488222454112 0.244370946991953
Income Tanning 0.001 1445 -0.0015987298906001 -0.0500587609418598 0.047000549539235 -0.00840067528041146 -0.693817040149105 0.648030238458879 0.0361436365137215 0.00122780751709427 0.25452992460053
NEB Hair_Light_Brown 0.001 600 0.0482870938928993 -0.0790938686597624 0.175045676915377 0.00594976073213286 -0.953725888947762 1.00004663450858 0.0543220245918015 0.00220614982117654 0.279735966676063
NEB Hair_Dark_Brown 0.001 595 9.31545418238096e-05 -0.137408299348612 0.137992490728832 0.0404637464676869 -1.33724317159297 1.70190036786978 0.0419661225150133 0.00178961055333564 0.256408927082331
NEB Hair_Black 0.001 597 -0.00736258372997604 -0.149234511070045 0.13749804866819 -0.109651250493792 -1.623672421147 1.22689343649591 0.0457779009380513 0.00194832247778569 0.263967409353859
NEB Hair_Blonde 0.001 598 -0.0948267085990223 -0.229862063180311 0.039177881917747 0.0471906218754105 -1.37180650301547 1.54970793857126 0.0423147558534886 0.00178652817485571 0.257775885803833
NEB Tanning 0.001 594 -0.00832176808438237 -0.171385584700534 0.155788127133549 -0.00919577866005953 -1.31653608223803 1.27890981357978 0.04731153101967 0.00200947777567918 0.265976251057363
Smoking Hair_Light_Brown 0.001 1030 -0.0278828952016097 -0.0742383798698171 0.017162562464804 0.0294744546116622 -0.517605563406092 0.735575452090119 0.0368839311575746 0.00129446918620724 0.253104929822435
Smoking Hair_Dark_Brown 0.001 1029 0.00771093522813949 -0.0419536423771428 0.0570814660129509 -0.00135104421009861 -0.605458220851223 0.595519825509904 0.0369489169091375 0.00126605748680416 0.254537173121656
Smoking Hair_Black 0.001 1030 0.0199758706585722 -0.0341180786592477 0.0742722170475861 -0.222152227075529 -1.17609371631445 0.630943445296315 0.035202314323679 0.0015161644935863 0.235421590093245
Smoking Hair_Blonde 0.001 1030 0.00855468530808676 -0.0390318201420417 0.0566106949379748 0.00868656970718641 -0.637805597995495 0.693519201783842 0.0398571692252758 0.0013968690730271 0.260793473361175
Smoking Tanning 0.001 1029 0.0803299361881256 0.0185456924006806 0.141595028184234 0.00191911766542953 -0.560785188709822 0.570216550112464 0.039834421160669 0.00141284584763113 0.259555748794152
Urate Hair_Light_Brown 0.001 606 0.0101327746248715 -0.0132822802777836 0.0339489751463286 -0.0328742032305619 -0.478647920717472 0.440347539931857 0.0271696957840338 0.0010027107990774 0.224519414498059
Urate Hair_Dark_Brown 0.001 605 -0.0168006135213428 -0.0480823386758936 0.0149390401384796 0.000141332144977527 -0.562756930406039 0.513588322486037 0.0292124783158797 0.00100667479862532 0.237557520634345
Urate Hair_Black 0.001 606 0.00122612489637447 -0.0229475530708404 0.0253032295577328 0.0846444039309397 -0.524121823973726 0.667108625525206 0.0317502385974796 0.00116799715927134 0.235149412768657
Urate Hair_Blonde 0.001 606 0.0119528766684275 -0.0175496138828596 0.0425425013371644 -0.0237037709098294 -0.816421679392918 0.494183664433601 0.0259302457534793 0.000888748338060656 0.233621495597489
Urate Tanning 0.001 604 -0.0416754911025413 -0.0757955829441078 -0.00742570548028383 0.025445161540315 -0.454124037402776 0.540118387375939 0.036085191084971 0.00121472112000068 0.254078617520786
Anorexia Hair_Light_Brown 0.001 799 -0.0015238585148765 -0.0483084700698872 0.0511770787982407 -0.0502076584112368 -0.560567908159485 0.379966747067419 0.0783315917418893 0.00295985012683887 0.322282237471899
Anorexia Hair_Dark_Brown 0.001 799 0.017978463713516 -0.0263051973155319 0.0600552652411407 0.0770410420855363 -0.398674662257295 0.599204957742503 0.0593601742754392 0.00204123174051931 0.289301689164876
Anorexia Hair_Black 0.001 799 -0.022297403074758 -0.0602199343551394 0.0145017821754134 0.041313711570703 -0.39040853942716 0.661056840913431 0.0393275017532771 0.00141697979267182 0.256079533551298
Anorexia Hair_Blonde 0.001 799 -0.00725945845651371 -0.0353553317728393 0.0229806608245155 -0.0808853830688036 -0.637481616138553 0.379807739359199 0.0368763539681685 0.00135432514076007 0.240119242268307
Anorexia Tanning 0.001 799 0.0137468220080375 -0.021110723339487 0.0473148652687788 0.033765327083301 -0.47037619594559 0.805727684809609 0.0302350073864699 0.0010255463758635 0.241952617615049
CD Hair_Light_Brown 0.001 1531 -0.00379293180490317 -0.0131337885311491 0.00513014925154755 -0.00341125708163634 -0.228003319570376 0.166660970120142 0.0290468725592801 0.000689003893252151 0.244494094397226
CD Hair_Dark_Brown 0.001 1530 0.00535502330560718 -0.00484908205561794 0.0154770688075262 0.00313837826652225 -0.181906798255263 0.288019571538112 0.0280716666202527 0.000662557090458237 0.242767711805528
CD Hair_Black 0.001 1530 0.000447817701265369 -0.0107153329549257 0.0115922600226813 0.00356955646527857 -0.211687055519901 0.294624271851668 0.0284111955256643 0.000695337381817007 0.242276403035038
CD Hair_Blonde 0.001 1530 -0.00474959263995622 -0.0144384198764611 0.00468508218195587 -0.00222966103389228 -0.239922130675913 0.202053600909019 0.0269443347634099 0.000651961902857224 0.240843147847227
CD Tanning 0.001 1530 0.00771825360075987 -0.00451690902676194 0.0202537923666519 5.36596387160583e-05 -0.235494209372039 0.280399235236423 0.0291470734918174 0.000716650947146857 0.242456595631065
Height_GIANT Hair_Light_Brown 0.001 5340 0.013633114338144 0.00400282942820381 0.0233463747576805 0.0003886608155511 -0.182458224266538 0.22717517059934 0.0300355141647796 0.0007629018407558 0.244364873339297
Height_GIANT Hair_Dark_Brown 0.001 5336 -0.0135066745622001 -0.0243342334948839 -0.00271249438447787 -0.00034061841379527 -0.248277798503729 0.184366638875663 0.0299858073462364 0.000756785289045705 0.24347655867547
Height_GIANT Hair_Black 0.001 5339 -0.0292971749723827 -0.0417224544039749 -0.0174346850371028 -0.00213975638683876 -0.260089673632749 0.267273572827569 0.0327788222961586 0.000868529816034359 0.238513019727695
Height_GIANT Hair_Blonde 0.001 5338 0.0128396409352906 0.00159693636603568 0.0241561319285089 -0.000571781622029118 -0.188648429407234 0.228598171746924 0.0341181723716516 0.000918269663741852 0.251319068975718
Height_GIANT Tanning 0.001 5335 -0.0248277331947329 -0.0364987486430533 -0.0129548409849507 0.00207824509193906 -0.237432692242355 0.239097381046545 0.0304056259658805 0.000783200933164785 0.239716076224763
Insomnia Hair_Light_Brown 0.001 1759 0.000584824724623965 -0.0356144647115081 0.0366052330352518 0.00144750248191864 -0.517071579340429 0.575040445842264 0.0351075542602917 0.00115697641102267 0.251551326188221
Insomnia Hair_Dark_Brown 0.001 1759 0.000189103018642823 -0.04200504696861 0.0420390233386283 0.0109240489932178 -0.631668378054981 0.692971040064568 0.0347831835437582 0.0011726564795902 0.251095988981319
Insomnia Hair_Black 0.001 1759 0.00975761921475725 -0.0331080923985042 0.0523016463248841 -0.00589715050883264 -0.66780783578061 0.556503304935425 0.0378504534117364 0.00125993032691531 0.259072640331995
Insomnia Hair_Blonde 0.001 1759 -0.0252268312372874 -0.066546196425484 0.0157744288916354 -0.0233860584594897 -0.65430693317693 0.561960504021031 0.0389136423977296 0.0013244161744193 0.257256475293387
Insomnia Tanning 0.001 1758 0.00202053939976298 -0.0460621299436569 0.050673193621081 -0.00610178852467614 -0.689353679711989 0.668206264758932 0.0360946315194285 0.00121808161135592 0.254441759589266
Neuroticism Hair_Light_Brown 0.001 2250 0.00842264819774336 -0.0151743772061838 0.0335662425546702 -0.0115722055944175 -0.452910740955406 0.371009442040359 0.032915186939373 0.00103633227380923 0.247699860079453
Neuroticism Hair_Dark_Brown 0.001 2248 -0.0100316734668017 -0.0370505222934303 0.0181020149816152 -0.00693707917257049 -0.496057081341562 0.411419494464826 0.0346929687071312 0.00114466541397613 0.249983115155247
Neuroticism Hair_Black 0.001 2248 -0.0022438946710011 -0.0342392653583245 0.0280252711951577 0.0149893078348075 -0.555586435332756 0.597631038421016 0.0356249862573419 0.00118158168090637 0.252748075526892
Neuroticism Hair_Blonde 0.001 2249 -0.00186500768051452 -0.0289509073274974 0.0251464216437189 0.00930996057908576 -0.436341809981573 0.528065441012298 0.0346504409615369 0.00112855273411943 0.251122923181456
Neuroticism Tanning 0.001 2247 -0.00520284567003638 -0.0362971606016049 0.0258452209949478 0.00167604485661357 -0.45728075277769 0.461547757017003 0.033803218132093 0.00110576002677525 0.249463790926633
SWB Hair_Light_Brown 0.001 683 -0.0360299338856095 -0.143122700675744 0.0738062818168444 -0.00666703114931614 -0.883870219106466 0.870073955988682 0.0500475176633697 0.00197553824204544 0.272286413184003
SWB Hair_Dark_Brown 0.001 683 0.00684188323733931 -0.153564995883366 0.160711486935398 0.175571203033794 -1.24029895701002 1.56414446591137 0.056175361688092 0.00236197040116341 0.288856673669545
SWB Hair_Black 0.001 683 0.0750703803227021 -0.042420573385666 0.193886574043916 0.0203662003594337 -1.00032095981183 1.13900511136938 0.0440803156983042 0.00176043077710366 0.262649770649445
SWB Hair_Blonde 0.001 683 0.0101450749710448 -0.109124895926363 0.13030728517998 0.0596889329645881 -1.51810348017716 1.51270634416858 0.0442500682767003 0.00181994698098306 0.264333785868892
SWB Tanning 0.001 683 -0.0442406107720857 -0.182348006366402 0.0958495141239818 -0.0445442194685479 -1.49627101573684 1.20762718735635 0.0402356007001209 0.00170152755136322 0.256048266738138
